Poitiers,Tours,Lille,Dijon,Le Mans,Toulouse,Bordeaux,Paris,Clermont Ferrand,Limoges,Rennes,Nantes,Brest,Le Havre,Caen,Lyon,Marseille,Grenoble
0.000000000000000000e+00 1.050000000000000000e+02 5.550000000000000000e+02 5.210000000000000000e+02 2.020000000000000000e+02 4.130000000000000000e+02 2.270000000000000000e+02 3.400000000000000000e+02 3.250000000000000000e+02 1.300000000000000000e+02 2.850000000000000000e+02 2.170000000000000000e+02 4.750000000000000000e+02 4.400000000000000000e+02 3.620000000000000000e+02 5.080000000000000000e+02 7.760000000000000000e+02 5.970000000000000000e+02
1.050000000000000000e+02 0.000000000000000000e+00 4.560000000000000000e+02 4.210000000000000000e+02 1.020000000000000000e+02 5.160000000000000000e+02 3.490000000000000000e+02 2.400000000000000000e+02 3.330000000000000000e+02 2.290000000000000000e+02 2.530000000000000000e+02 2.170000000000000000e+02 5.020000000000000000e+02 3.410000000000000000e+02 2.630000000000000000e+02 5.220000000000000000e+02 7.810000000000000000e+02 6.120000000000000000e+02
5.550000000000000000e+02 4.560000000000000000e+02 0.000000000000000000e+00 5.020000000000000000e+02 4.250000000000000000e+02 8.960000000000000000e+02 8.000000000000000000e+02 2.210000000000000000e+02 6.400000000000000000e+02 6.100000000000000000e+02 5.690000000000000000e+02 6.020000000000000000e+02 7.560000000000000000e+02 3.170000000000000000e+02 3.880000000000000000e+02 6.820000000000000000e+02 9.910000000000000000e+02 7.920000000000000000e+02
5.210000000000000000e+02 4.210000000000000000e+02 5.020000000000000000e+02 0.000000000000000000e+00 7.800000000000000000e+02 6.720000000000000000e+02 6.660000000000000000e+02 3.150000000000000000e+02 3.220000000000000000e+02 4.340000000000000000e+02 6.180000000000000000e+02 6.390000000000000000e+02 8.610000000000000000e+02 5.080000000000000000e+02 5.450000000000000000e+02 1.950000000000000000e+02 5.070000000000000000e+02 3.050000000000000000e+02
2.020000000000000000e+02 1.020000000000000000e+02 4.250000000000000000e+02 7.800000000000000000e+02 0.000000000000000000e+00 6.150000000000000000e+02 4.460000000000000000e+02 2.100000000000000000e+02 4.320000000000000000e+02 3.050000000000000000e+02 1.550000000000000000e+02 1.890000000000000000e+02 3.970000000000000000e+02 2.430000000000000000e+02 1.640000000000000000e+02 6.280000000000000000e+02 8.900000000000000000e+02 7.380000000000000000e+02
4.130000000000000000e+02 5.160000000000000000e+02 8.960000000000000000e+02 6.720000000000000000e+02 6.150000000000000000e+02 0.000000000000000000e+00 2.460000000000000000e+02 6.790000000000000000e+02 3.750000000000000000e+02 2.910000000000000000e+02 7.000000000000000000e+02 5.860000000000000000e+02 8.820000000000000000e+02 8.480000000000000000e+02 7.720000000000000000e+02 5.390000000000000000e+02 4.050000000000000000e+02 5.310000000000000000e+02
2.270000000000000000e+02 3.490000000000000000e+02 8.000000000000000000e+02 6.660000000000000000e+02 4.460000000000000000e+02 2.460000000000000000e+02 0.000000000000000000e+00 5.860000000000000000e+02 3.690000000000000000e+02 2.200000000000000000e+02 4.610000000000000000e+02 3.460000000000000000e+02 6.430000000000000000e+02 6.860000000000000000e+02 6.030000000000000000e+02 5.880000000000000000e+02 6.450000000000000000e+02 6.780000000000000000e+02
3.400000000000000000e+02 2.400000000000000000e+02 2.210000000000000000e+02 3.150000000000000000e+02 2.100000000000000000e+02 6.790000000000000000e+02 5.860000000000000000e+02 0.000000000000000000e+00 4.240000000000000000e+02 3.940000000000000000e+02 3.500000000000000000e+02 3.860000000000000000e+02 5.930000000000000000e+02 2.040000000000000000e+02 2.410000000000000000e+02 4.650000000000000000e+02 7.770000000000000000e+02 5.750000000000000000e+02
3.250000000000000000e+02 3.330000000000000000e+02 6.400000000000000000e+02 3.220000000000000000e+02 4.320000000000000000e+02 3.750000000000000000e+02 3.690000000000000000e+02 4.240000000000000000e+02 0.000000000000000000e+00 2.220000000000000000e+02 5.840000000000000000e+02 5.360000000000000000e+02 8.220000000000000000e+02 5.930000000000000000e+02 5.890000000000000000e+02 2.060000000000000000e+02 4.780000000000000000e+02 2.970000000000000000e+02
1.300000000000000000e+02 2.290000000000000000e+02 6.100000000000000000e+02 4.340000000000000000e+02 3.050000000000000000e+02 2.910000000000000000e+02 2.200000000000000000e+02 3.940000000000000000e+02 2.220000000000000000e+02 0.000000000000000000e+00 4.120000000000000000e+02 3.190000000000000000e+02 6.160000000000000000e+02 5.610000000000000000e+02 4.660000000000000000e+02 4.420000000000000000e+02 6.900000000000000000e+02 5.320000000000000000e+02
2.850000000000000000e+02 2.530000000000000000e+02 5.690000000000000000e+02 6.180000000000000000e+02 1.550000000000000000e+02 7.000000000000000000e+02 4.610000000000000000e+02 3.500000000000000000e+02 5.840000000000000000e+02 4.120000000000000000e+02 0.000000000000000000e+00 1.070000000000000000e+02 2.440000000000000000e+02 2.760000000000000000e+02 1.790000000000000000e+02 7.680000000000000000e+02 1.077000000000000000e+03 8.780000000000000000e+02
2.170000000000000000e+02 2.170000000000000000e+02 6.020000000000000000e+02 6.390000000000000000e+02 1.890000000000000000e+02 5.860000000000000000e+02 3.460000000000000000e+02 3.860000000000000000e+02 5.360000000000000000e+02 3.190000000000000000e+02 1.070000000000000000e+02 0.000000000000000000e+00 2.960000000000000000e+02 3.840000000000000000e+02 3.840000000000000000e+02 7.250000000000000000e+02 9.850000000000000000e+02 8.140000000000000000e+02
4.750000000000000000e+02 5.020000000000000000e+02 7.560000000000000000e+02 8.610000000000000000e+02 3.970000000000000000e+02 8.820000000000000000e+02 6.430000000000000000e+02 5.930000000000000000e+02 8.220000000000000000e+02 6.160000000000000000e+02 2.440000000000000000e+02 2.960000000000000000e+02 0.000000000000000000e+00 4.670000000000000000e+02 3.710000000000000000e+02 1.011000000000000000e+03 1.282000000000000000e+03 1.121000000000000000e+03
4.400000000000000000e+02 3.410000000000000000e+02 3.170000000000000000e+02 5.080000000000000000e+02 2.430000000000000000e+02 8.480000000000000000e+02 6.860000000000000000e+02 2.040000000000000000e+02 5.930000000000000000e+02 5.610000000000000000e+02 2.760000000000000000e+02 3.840000000000000000e+02 4.670000000000000000e+02 0.000000000000000000e+00 9.500000000000000000e+01 6.580000000000000000e+02 9.670000000000000000e+02 7.680000000000000000e+02
3.620000000000000000e+02 2.630000000000000000e+02 3.880000000000000000e+02 5.450000000000000000e+02 1.640000000000000000e+02 7.720000000000000000e+02 6.030000000000000000e+02 2.410000000000000000e+02 5.890000000000000000e+02 4.660000000000000000e+02 1.790000000000000000e+02 3.840000000000000000e+02 3.710000000000000000e+02 9.500000000000000000e+01 0.000000000000000000e+00 6.950000000000000000e+02 1.005000000000000000e+03 7.680000000000000000e+02
5.080000000000000000e+02 5.220000000000000000e+02 6.820000000000000000e+02 1.950000000000000000e+02 6.280000000000000000e+02 5.390000000000000000e+02 5.880000000000000000e+02 4.650000000000000000e+02 2.060000000000000000e+02 4.420000000000000000e+02 7.680000000000000000e+02 7.250000000000000000e+02 1.011000000000000000e+03 6.580000000000000000e+02 6.950000000000000000e+02 0.000000000000000000e+00 3.150000000000000000e+02 1.120000000000000000e+02
7.760000000000000000e+02 7.810000000000000000e+02 9.910000000000000000e+02 5.070000000000000000e+02 8.900000000000000000e+02 4.050000000000000000e+02 6.450000000000000000e+02 7.770000000000000000e+02 4.780000000000000000e+02 6.900000000000000000e+02 1.077000000000000000e+03 9.850000000000000000e+02 1.282000000000000000e+03 9.670000000000000000e+02 1.005000000000000000e+03 3.150000000000000000e+02 0.000000000000000000e+00 2.730000000000000000e+02
5.970000000000000000e+02 6.120000000000000000e+02 7.920000000000000000e+02 3.050000000000000000e+02 7.380000000000000000e+02 5.310000000000000000e+02 6.780000000000000000e+02 5.750000000000000000e+02 2.970000000000000000e+02 5.320000000000000000e+02 8.780000000000000000e+02 8.140000000000000000e+02 1.121000000000000000e+03 7.680000000000000000e+02 7.680000000000000000e+02 1.120000000000000000e+02 2.730000000000000000e+02 0.000000000000000000e+00
