Youngstown OH,Yankton SD,Yakima WA,Worcester MA,Wisconsin Dells WI,Winston-Salem NC,Winnipeg MB,Winchester VA,Wilmington NC,Wilmington DE,Williston ND,Williamsport PA,Williamson WV,Wichita Falls TX,Wichita KS,Wheeling WV,West Palm Beach FL,Wenatchee WA,Weed CA,Waycross GA,Wausau WI,Waukegan IL,Watertown SD,Watertown NY,Waterloo IA,Waterbury CT,Washington DC,Warren PA,Walla Walla WA,Waco TX,Vincennes IN,Victoria TX,Vicksburg MS,Vancouver BC,Valley City ND,Valdosta GA,Utica NY,Uniontown PA,Tyler TX,Twin Falls ID,Tuscaloosa AL,Tupelo MS,Tulsa OK,Tucson AZ,Trinidad CO,Trenton NJ,Traverse City MI,Toronto ON,Topeka KS,Toledo OH,Texarkana TX,Terre Haute IN,Tampa FL,Tallahassee FL,Tacoma WA,Syracuse NY,Swainsboro GA,Sumter SC,Stroudsburg PA,Stockton CA,Stevens Point WI,Steubenville OH,Sterling CO,Staunton VA,Springfield OH,Springfield MO,Springfield MA,Springfield IL,Spokane WA,South Bend IN,Sioux Falls SD,Sioux City IA,Shreveport LA,Sherman TX,Sheridan WY,Seminole OK,Selma AL,Sedalia MO,Seattle WA,Scranton PA,Scottsbluff NB,Schenectady NY,Savannah GA,Sault Sainte Marie MI,Sarasota FL,Santa Rosa CA,Santa Fe NM,Santa Barbara CA,Santa Ana CA,San Jose CA,San Francisco CA,Sandusky OH,San Diego CA,San Bernardino CA,San Antonio TX,San Angelo TX,Salt Lake City UT,Salisbury MD,Salinas CA,Salina KS,Salida CO,Salem OR,Saint Paul MN,Saint Louis MO,Saint Joseph MO,Saint Joseph MI,Saint Johnsbury VT,Saint Cloud MN,Saint Augustine FL,Saginaw MI,Sacramento CA,Rutland VT,Roswell NM,Rocky Mount NC,Rock Springs WY,Rockford IL,Rochester NY,Rochester MN,Roanoke VA,Richmond VA,Richmond IN,Richfield UT,Rhinelander WI,Reno NV,Regina SA,Red Bluff CA,Reading PA,Ravenna OH
0.000000000000000000e+00 9.660000000000000000e+02 1.513000000000000000e+03 2.964000000000000000e+03 1.149000000000000000e+03 9.270000000000000000e+02 1.611000000000000000e+03 1.510000000000000000e+03 3.900000000000000000e+02 4.660000000000000000e+02 1.820000000000000000e+03 1.718000000000000000e+03 5.040000000000000000e+02 1.179000000000000000e+03 3.080000000000000000e+02 1.017000000000000000e+03 1.167000000000000000e+03 3.250000000000000000e+03 6.220000000000000000e+02 2.947000000000000000e+03 1.240000000000000000e+03 2.440000000000000000e+02 6.010000000000000000e+02 1.366000000000000000e+03 1.008000000000000000e+03 1.190000000000000000e+03 3.150000000000000000e+02 3.260000000000000000e+02 2.452000000000000000e+03 1.958000000000000000e+03 8.920000000000000000e+02 1.031000000000000000e+03 5.300000000000000000e+02 2.675000000000000000e+03 1.518000000000000000e+03 1.648000000000000000e+03 1.157000000000000000e+03 4.170000000000000000e+02 1.222000000000000000e+03 1.583000000000000000e+03 1.998000000000000000e+03 1.260000000000000000e+02 5.350000000000000000e+02 1.065000000000000000e+03 7.070000000000000000e+02 1.807000000000000000e+03 8.440000000000000000e+02 4.350000000000000000e+02 1.051000000000000000e+03 7.750000000000000000e+02 9.570000000000000000e+02 6.710000000000000000e+02 1.003000000000000000e+03 2.450000000000000000e+02 3.014000000000000000e+03 2.802000000000000000e+03 9.520000000000000000e+02 1.870000000000000000e+02 6.660000000000000000e+02 2.909000000000000000e+03 2.174000000000000000e+03 6.750000000000000000e+02 1.308000000000000000e+03 1.525000000000000000e+03 4.010000000000000000e+02 6.070000000000000000e+02 1.336000000000000000e+03 1.053000000000000000e+03 1.853000000000000000e+03 1.881000000000000000e+03 6.400000000000000000e+02 8.800000000000000000e+01 8.590000000000000000e+02 2.160000000000000000e+02 1.218000000000000000e+03 1.113000000000000000e+03 7.450000000000000000e+02 7.100000000000000000e+02 2.038000000000000000e+03 2.816000000000000000e+03 1.666000000000000000e+03 1.742000000000000000e+03 9.960000000000000000e+02 1.268000000000000000e+03 1.589000000000000000e+03 3.010000000000000000e+03 1.254000000000000000e+03 9.530000000000000000e+02 1.280000000000000000e+02 3.950000000000000000e+02 4.700000000000000000e+01 2.493000000000000000e+03 2.355000000000000000e+03 1.300000000000000000e+02 1.330000000000000000e+03 2.180000000000000000e+02 1.133000000000000000e+03 2.269000000000000000e+03 3.104000000000000000e+03 1.715000000000000000e+03 5.270000000000000000e+02 1.328000000000000000e+03 1.807000000000000000e+03 5.670000000000000000e+02 3.090000000000000000e+02 5.620000000000000000e+02 9.100000000000000000e+02 1.487000000000000000e+03 1.540000000000000000e+03 1.178000000000000000e+03 2.390000000000000000e+03 3.005000000000000000e+03 2.114000000000000000e+03 1.786000000000000000e+03 2.072000000000000000e+03 1.192000000000000000e+03 6.940000000000000000e+02 9.610000000000000000e+02 1.018000000000000000e+03 1.680000000000000000e+02 5.650000000000000000e+02 1.700000000000000000e+03 1.636000000000000000e+03 2.019000000000000000e+03 1.458000000000000000e+03 1.564000000000000000e+03 2.871000000000000000e+03 3.480000000000000000e+02
9.660000000000000000e+02 0.000000000000000000e+00 2.410000000000000000e+03 1.520000000000000000e+03 1.817000000000000000e+03 7.290000000000000000e+02 6.860000000000000000e+02 2.900000000000000000e+02 1.823000000000000000e+03 1.680000000000000000e+02 2.027000000000000000e+03 1.720000000000000000e+02 1.610000000000000000e+03 1.500000000000000000e+03 1.002000000000000000e+03 1.247000000000000000e+03 1.550000000000000000e+03 2.390000000000000000e+03 3.229000000000000000e+03 2.890000000000000000e+03 2.198000000000000000e+03 1.000000000000000000e+03 3.930000000000000000e+02 7.760000000000000000e+02 3.730000000000000000e+02 2.780000000000000000e+02 9.620000000000000000e+02 4.280000000000000000e+02 2.645000000000000000e+03 1.452000000000000000e+03 2.120000000000000000e+03 2.230000000000000000e+02 5.560000000000000000e+02 2.505000000000000000e+03 1.327000000000000000e+03 3.126000000000000000e+03 1.461000000000000000e+03 8.620000000000000000e+02 1.566000000000000000e+03 2.101000000000000000e+03 5.240000000000000000e+02 1.872000000000000000e+03 6.610000000000000000e+02 1.520000000000000000e+03 5.610000000000000000e+02 2.407000000000000000e+03 1.439000000000000000e+03 4.600000000000000000e+02 8.700000000000000000e+02 2.870000000000000000e+02 5.340000000000000000e+02 2.910000000000000000e+02 9.810000000000000000e+02 7.960000000000000000e+02 3.259000000000000000e+03 1.195000000000000000e+03 2.986000000000000000e+03 8.050000000000000000e+02 8.290000000000000000e+02 2.793000000000000000e+03 9.980000000000000000e+02 2.567000000000000000e+03 9.330000000000000000e+02 2.660000000000000000e+02 1.132000000000000000e+03 9.960000000000000000e+02 7.350000000000000000e+02 3.350000000000000000e+02 2.701000000000000000e+03 2.570000000000000000e+02 1.278000000000000000e+03 5.890000000000000000e+02 9.470000000000000000e+02 7.090000000000000000e+02 1.425000000000000000e+03 1.270000000000000000e+02 1.747000000000000000e+03 3.930000000000000000e+02 2.739000000000000000e+03 1.078000000000000000e+03 1.343000000000000000e+03 1.910000000000000000e+02 1.726000000000000000e+03 8.990000000000000000e+02 4.040000000000000000e+02 2.547000000000000000e+03 1.810000000000000000e+03 3.960000000000000000e+02 8.500000000000000000e+02 2.940000000000000000e+02 4.340000000000000000e+02 2.519000000000000000e+03 5.240000000000000000e+02 2.297000000000000000e+03 1.319000000000000000e+03 1.168000000000000000e+03 1.351000000000000000e+03 1.832000000000000000e+03 8.460000000000000000e+02 1.407000000000000000e+03 1.293000000000000000e+03 1.752000000000000000e+03 1.002000000000000000e+03 2.152000000000000000e+03 4.360000000000000000e+02 3.610000000000000000e+02 1.442000000000000000e+03 5.840000000000000000e+02 1.359000000000000000e+03 7.660000000000000000e+02 2.836000000000000000e+03 7.370000000000000000e+02 1.313000000000000000e+03 6.970000000000000000e+02 8.250000000000000000e+02 9.630000000000000000e+02 1.855000000000000000e+03 2.670000000000000000e+02 5.480000000000000000e+02 1.127000000000000000e+03 4.320000000000000000e+02 2.265000000000000000e+03 5.580000000000000000e+02 5.710000000000000000e+02 9.430000000000000000e+02 1.980000000000000000e+02 1.917000000000000000e+03 2.541000000000000000e+03
1.513000000000000000e+03 2.410000000000000000e+03 0.000000000000000000e+00 6.040000000000000000e+02 4.810000000000000000e+02 2.742000000000000000e+03 1.833000000000000000e+03 8.260000000000000000e+02 2.140000000000000000e+02 1.618000000000000000e+03 1.712000000000000000e+03 5.670000000000000000e+02 5.440000000000000000e+02 1.313000000000000000e+03 1.270000000000000000e+03 2.690000000000000000e+02 1.432000000000000000e+03 1.783000000000000000e+03 2.678000000000000000e+03 3.600000000000000000e+02 1.725000000000000000e+03 2.260000000000000000e+03 1.549000000000000000e+03 1.016000000000000000e+03 2.530000000000000000e+02 1.548000000000000000e+03 4.340000000000000000e+02 7.690000000000000000e+02 2.873000000000000000e+03 1.484000000000000000e+03 5.720000000000000000e+02 2.104000000000000000e+03 4.190000000000000000e+02 2.422000000000000000e+03 1.461000000000000000e+03 5.420000000000000000e+02 2.941000000000000000e+03 1.221000000000000000e+03 8.270000000000000000e+02 2.351000000000000000e+03 8.200000000000000000e+02 4.860000000000000000e+02 1.415000000000000000e+03 1.565000000000000000e+03 1.085000000000000000e+03 1.353000000000000000e+03 2.039000000000000000e+03 1.620000000000000000e+03 1.238000000000000000e+03 2.900000000000000000e+02 1.244000000000000000e+03 4.870000000000000000e+02 1.146000000000000000e+03 7.360000000000000000e+02 2.295000000000000000e+03 1.312000000000000000e+03 2.500000000000000000e+02 2.969000000000000000e+03 1.820000000000000000e+02 2.678000000000000000e+03 1.096000000000000000e+03 3.560000000000000000e+02 1.299000000000000000e+03 9.140000000000000000e+02 1.890000000000000000e+02 7.260000000000000000e+02 5.160000000000000000e+02 3.230000000000000000e+02 1.830000000000000000e+03 8.240000000000000000e+02 5.800000000000000000e+02 1.361000000000000000e+03 9.150000000000000000e+02 7.970000000000000000e+02 6.930000000000000000e+02 3.120000000000000000e+02 6.560000000000000000e+02 1.046000000000000000e+03 2.093000000000000000e+03 1.054000000000000000e+03 7.020000000000000000e+02 2.894000000000000000e+03 8.470000000000000000e+02 1.293000000000000000e+03 1.397000000000000000e+03 2.885000000000000000e+03 1.695000000000000000e+03 2.709000000000000000e+03 4.890000000000000000e+02 1.160000000000000000e+03 3.410000000000000000e+02 2.341000000000000000e+03 4.850000000000000000e+02 4.500000000000000000e+02 1.412000000000000000e+03 1.157000000000000000e+03 6.810000000000000000e+02 1.773000000000000000e+03 1.542000000000000000e+03 9.770000000000000000e+02 1.918000000000000000e+03 7.220000000000000000e+02 5.910000000000000000e+02 9.660000000000000000e+02 1.852000000000000000e+03 5.090000000000000000e+02 1.189000000000000000e+03 4.900000000000000000e+02 1.081000000000000000e+03 7.790000000000000000e+02 1.906000000000000000e+03 1.273000000000000000e+03 1.566000000000000000e+03 2.936000000000000000e+03 2.141000000000000000e+03 1.277000000000000000e+03 6.060000000000000000e+02 1.066000000000000000e+03 7.520000000000000000e+02 4.860000000000000000e+02 5.900000000000000000e+02 2.132000000000000000e+03 1.095000000000000000e+03 2.154000000000000000e+03 1.211000000000000000e+03 2.217000000000000000e+03 2.673000000000000000e+03 1.570000000000000000e+03
2.964000000000000000e+03 1.520000000000000000e+03 6.040000000000000000e+02 0.000000000000000000e+00 5.950000000000000000e+02 1.289000000000000000e+03 1.446000000000000000e+03 4.660000000000000000e+02 1.139000000000000000e+03 4.300000000000000000e+02 4.280000000000000000e+02 2.010000000000000000e+02 4.520000000000000000e+02 1.574000000000000000e+03 1.068000000000000000e+03 2.550000000000000000e+02 9.650000000000000000e+02 1.948000000000000000e+03 1.842000000000000000e+03 8.200000000000000000e+02 1.600000000000000000e+03 1.933000000000000000e+03 1.824000000000000000e+03 1.128000000000000000e+03 3.050000000000000000e+02 9.580000000000000000e+02 1.320000000000000000e+03 2.910000000000000000e+02 1.707000000000000000e+03 1.799000000000000000e+03 6.920000000000000000e+02 1.593000000000000000e+03 2.274000000000000000e+03 2.359000000000000000e+03 9.430000000000000000e+02 9.750000000000000000e+02 1.358000000000000000e+03 2.701000000000000000e+03 1.229000000000000000e+03 2.355000000000000000e+03 1.162000000000000000e+03 8.130000000000000000e+02 3.430000000000000000e+02 1.049000000000000000e+03 1.170000000000000000e+03 1.060000000000000000e+03 1.021000000000000000e+03 2.220000000000000000e+03 5.860000000000000000e+02 5.540000000000000000e+02 1.111000000000000000e+03 5.780000000000000000e+02 1.354000000000000000e+03 9.390000000000000000e+02 2.302000000000000000e+03 7.090000000000000000e+02 3.690000000000000000e+02 4.100000000000000000e+02 2.871000000000000000e+03 2.838000000000000000e+03 1.134000000000000000e+03 6.140000000000000000e+02 1.650000000000000000e+03 2.790000000000000000e+03 5.320000000000000000e+02 7.960000000000000000e+02 1.803000000000000000e+03 7.160000000000000000e+02 2.080000000000000000e+03 5.910000000000000000e+02 1.460000000000000000e+03 4.920000000000000000e+02 2.106000000000000000e+03 9.670000000000000000e+02 6.350000000000000000e+02 5.820000000000000000e+02 4.420000000000000000e+02 4.770000000000000000e+02 9.990000000000000000e+02 1.419000000000000000e+03 1.403000000000000000e+03 1.187000000000000000e+03 3.034000000000000000e+03 8.740000000000000000e+02 1.952000000000000000e+03 3.023000000000000000e+03 1.685000000000000000e+03 2.612000000000000000e+03 2.606000000000000000e+03 1.020000000000000000e+02 1.199000000000000000e+03 2.444000000000000000e+03 9.000000000000000000e+01 4.110000000000000000e+02 1.780000000000000000e+03 1.418000000000000000e+03 8.110000000000000000e+02 2.787000000000000000e+03 1.704000000000000000e+03 6.290000000000000000e+02 4.890000000000000000e+02 3.042000000000000000e+03 2.112000000000000000e+03 4.410000000000000000e+02 6.910000000000000000e+02 2.308000000000000000e+03 1.412000000000000000e+03 6.390000000000000000e+02 1.253000000000000000e+03 1.870000000000000000e+02 3.108000000000000000e+03 1.384000000000000000e+03 1.567000000000000000e+03 8.080000000000000000e+02 8.640000000000000000e+02 9.800000000000000000e+02 1.828000000000000000e+03 1.229000000000000000e+03 1.861000000000000000e+03 8.610000000000000000e+02 4.990000000000000000e+02 1.408000000000000000e+03 9.860000000000000000e+02 2.719000000000000000e+03 1.437000000000000000e+03 7.690000000000000000e+02 1.038000000000000000e+03 2.343000000000000000e+03
1.149000000000000000e+03 1.817000000000000000e+03 4.810000000000000000e+02 5.950000000000000000e+02 0.000000000000000000e+00 4.940000000000000000e+02 5.500000000000000000e+02 2.641000000000000000e+03 7.650000000000000000e+02 9.340000000000000000e+02 1.813000000000000000e+03 1.516000000000000000e+03 3.780000000000000000e+02 1.363000000000000000e+03 1.344000000000000000e+03 1.513000000000000000e+03 1.249000000000000000e+03 2.487000000000000000e+03 1.850000000000000000e+03 1.192000000000000000e+03 7.080000000000000000e+02 1.360000000000000000e+03 1.351000000000000000e+03 2.999000000000000000e+03 1.178000000000000000e+03 1.198000000000000000e+03 7.300000000000000000e+02 1.127000000000000000e+03 2.691000000000000000e+03 9.210000000000000000e+02 9.340000000000000000e+02 1.578000000000000000e+03 1.110000000000000000e+03 4.090000000000000000e+02 1.238000000000000000e+03 7.120000000000000000e+02 1.839000000000000000e+03 1.014000000000000000e+03 2.402000000000000000e+03 1.105000000000000000e+03 3.870000000000000000e+02 1.157000000000000000e+03 1.047000000000000000e+03 1.064000000000000000e+03 8.820000000000000000e+02 9.970000000000000000e+02 8.810000000000000000e+02 1.180000000000000000e+03 1.186000000000000000e+03 1.344000000000000000e+03 1.383000000000000000e+03 4.430000000000000000e+02 1.414000000000000000e+03 1.109000000000000000e+03 2.352000000000000000e+03 1.379000000000000000e+03 7.140000000000000000e+02 5.070000000000000000e+02 1.072000000000000000e+03 8.180000000000000000e+02 9.290000000000000000e+02 7.400000000000000000e+02 1.633000000000000000e+03 3.240000000000000000e+02 2.397000000000000000e+03 6.950000000000000000e+02 5.510000000000000000e+02 8.090000000000000000e+02 2.462000000000000000e+03 2.110000000000000000e+02 5.610000000000000000e+02 1.407000000000000000e+03 6.780000000000000000e+02 1.898000000000000000e+03 1.275000000000000000e+03 6.700000000000000000e+02 1.087000000000000000e+03 5.490000000000000000e+02 2.152000000000000000e+03 1.915000000000000000e+03 7.690000000000000000e+02 1.220000000000000000e+03 1.024000000000000000e+03 2.142000000000000000e+03 1.251000000000000000e+03 1.325000000000000000e+03 2.063000000000000000e+03 2.584000000000000000e+03 2.518000000000000000e+03 2.916000000000000000e+03 5.500000000000000000e+01 1.545000000000000000e+03 2.130000000000000000e+02 5.400000000000000000e+01 1.741000000000000000e+03 1.618000000000000000e+03 1.731000000000000000e+03 2.845000000000000000e+03 3.740000000000000000e+02 7.340000000000000000e+02 7.120000000000000000e+02 8.390000000000000000e+02 1.258000000000000000e+03 2.134000000000000000e+03 1.960000000000000000e+02 1.245000000000000000e+03 3.213000000000000000e+03 7.500000000000000000e+01 9.440000000000000000e+02 7.490000000000000000e+02 2.203000000000000000e+03 1.030000000000000000e+02 1.217000000000000000e+03 5.760000000000000000e+02 1.526000000000000000e+03 2.056000000000000000e+03 2.910000000000000000e+02 1.205000000000000000e+03 2.160000000000000000e+02 1.994000000000000000e+03 3.240000000000000000e+02 2.187000000000000000e+03 2.600000000000000000e+02 2.586000000000000000e+03 1.974000000000000000e+03 2.352000000000000000e+03 2.243000000000000000e+03 6.910000000000000000e+02
9.270000000000000000e+02 7.290000000000000000e+02 2.742000000000000000e+03 1.289000000000000000e+03 4.940000000000000000e+02 0.000000000000000000e+00 1.279000000000000000e+03 1.197000000000000000e+03 2.956000000000000000e+03 2.990000000000000000e+02 8.880000000000000000e+02 4.910000000000000000e+02 1.408000000000000000e+03 1.432000000000000000e+03 1.360000000000000000e+03 3.270000000000000000e+02 2.375000000000000000e+03 2.595000000000000000e+03 2.717000000000000000e+03 1.097000000000000000e+03 8.410000000000000000e+02 4.680000000000000000e+02 1.909000000000000000e+03 2.698000000000000000e+03 2.007000000000000000e+03 1.034000000000000000e+03 9.700000000000000000e+02 5.370000000000000000e+02 1.344000000000000000e+03 1.703000000000000000e+03 4.630000000000000000e+02 1.893000000000000000e+03 1.067000000000000000e+03 2.705000000000000000e+03 1.265000000000000000e+03 9.610000000000000000e+02 8.080000000000000000e+02 1.497000000000000000e+03 2.850000000000000000e+02 8.190000000000000000e+02 1.356000000000000000e+03 4.830000000000000000e+02 1.362000000000000000e+03 2.101000000000000000e+03 7.010000000000000000e+02 2.384000000000000000e+03 9.520000000000000000e+02 1.006000000000000000e+03 2.320000000000000000e+02 1.944000000000000000e+03 7.400000000000000000e+02 7.510000000000000000e+02 1.400000000000000000e+03 1.226000000000000000e+03 1.919000000000000000e+03 4.530000000000000000e+02 8.190000000000000000e+02 7.150000000000000000e+02 1.172000000000000000e+03 2.595000000000000000e+03 1.900000000000000000e+03 3.920000000000000000e+02 1.573000000000000000e+03 3.670000000000000000e+02 5.420000000000000000e+02 1.942000000000000000e+03 1.151000000000000000e+03 5.120000000000000000e+02 1.171000000000000000e+03 5.930000000000000000e+02 8.390000000000000000e+02 4.730000000000000000e+02 1.619000000000000000e+03 7.110000000000000000e+02 7.040000000000000000e+02 8.830000000000000000e+02 1.174000000000000000e+03 3.860000000000000000e+02 2.360000000000000000e+03 1.503000000000000000e+03 3.440000000000000000e+02 1.528000000000000000e+03 4.130000000000000000e+02 9.030000000000000000e+02 3.288000000000000000e+03 2.947000000000000000e+03 5.900000000000000000e+02 2.962000000000000000e+03 2.481000000000000000e+03 2.564000000000000000e+03 2.955000000000000000e+03 2.502000000000000000e+03 8.770000000000000000e+02 1.520000000000000000e+02 1.374000000000000000e+03 1.579000000000000000e+03 7.620000000000000000e+02 5.650000000000000000e+02 4.480000000000000000e+02 1.398000000000000000e+03 9.160000000000000000e+02 1.972000000000000000e+03 1.266000000000000000e+03 9.730000000000000000e+02 1.911000000000000000e+03 7.570000000000000000e+02 2.133000000000000000e+03 1.766000000000000000e+03 1.468000000000000000e+03 5.480000000000000000e+02 1.747000000000000000e+03 8.360000000000000000e+02 2.217000000000000000e+03 1.367000000000000000e+03 2.127000000000000000e+03 3.670000000000000000e+02 2.719000000000000000e+03 1.246000000000000000e+03 1.647000000000000000e+03 1.200000000000000000e+02 1.429000000000000000e+03 1.526000000000000000e+03 9.280000000000000000e+02 1.791000000000000000e+03 1.865000000000000000e+03 2.917000000000000000e+03 5.430000000000000000e+02 1.943000000000000000e+03
1.611000000000000000e+03 6.860000000000000000e+02 1.833000000000000000e+03 1.446000000000000000e+03 5.500000000000000000e+02 1.279000000000000000e+03 0.000000000000000000e+00 2.500000000000000000e+02 1.500000000000000000e+03 2.749000000000000000e+03 2.035000000000000000e+03 8.320000000000000000e+02 2.400000000000000000e+02 1.252000000000000000e+03 1.220000000000000000e+03 5.890000000000000000e+02 1.160000000000000000e+03 1.009000000000000000e+03 2.898000000000000000e+03 6.050000000000000000e+02 1.138000000000000000e+03 7.570000000000000000e+02 1.058000000000000000e+03 1.473000000000000000e+03 1.714000000000000000e+03 3.164000000000000000e+03 7.190000000000000000e+02 7.770000000000000000e+02 1.926000000000000000e+03 1.043000000000000000e+03 8.110000000000000000e+02 1.144000000000000000e+03 1.382000000000000000e+03 2.898000000000000000e+03 1.225000000000000000e+03 2.773000000000000000e+03 1.700000000000000000e+03 4.930000000000000000e+02 3.260000000000000000e+02 1.856000000000000000e+03 2.772000000000000000e+03 1.230000000000000000e+03 1.018000000000000000e+03 2.416000000000000000e+03 1.501000000000000000e+03 1.519000000000000000e+03 1.935000000000000000e+03 1.053000000000000000e+03 6.470000000000000000e+02 8.930000000000000000e+02 1.135000000000000000e+03 1.056000000000000000e+03 1.130000000000000000e+03 1.193000000000000000e+03 2.620000000000000000e+03 1.196000000000000000e+03 8.210000000000000000e+02 9.290000000000000000e+02 7.440000000000000000e+02 2.840000000000000000e+03 1.223000000000000000e+03 2.548000000000000000e+03 1.579000000000000000e+03 5.050000000000000000e+02 6.240000000000000000e+02 1.149000000000000000e+03 3.062000000000000000e+03 3.750000000000000000e+02 2.223000000000000000e+03 9.830000000000000000e+02 1.221000000000000000e+03 7.880000000000000000e+02 4.340000000000000000e+02 1.712000000000000000e+03 1.180000000000000000e+03 1.814000000000000000e+03 7.600000000000000000e+02 4.740000000000000000e+02 1.656000000000000000e+03 1.417000000000000000e+03 8.850000000000000000e+02 1.993000000000000000e+03 1.111000000000000000e+03 1.147000000000000000e+03 1.259000000000000000e+03 8.760000000000000000e+02 1.954000000000000000e+03 1.365000000000000000e+03 2.859000000000000000e+03 2.791000000000000000e+03 2.538000000000000000e+03 1.198000000000000000e+03 5.790000000000000000e+02 8.060000000000000000e+02 1.477000000000000000e+03 1.212000000000000000e+03 7.880000000000000000e+02 3.031000000000000000e+03 2.577000000000000000e+03 1.456000000000000000e+03 9.760000000000000000e+02 2.190000000000000000e+03 1.200000000000000000e+03 1.379000000000000000e+03 1.227000000000000000e+03 2.381000000000000000e+03 1.623000000000000000e+03 1.010000000000000000e+03 3.096000000000000000e+03 6.960000000000000000e+02 2.047000000000000000e+03 1.339000000000000000e+03 1.379000000000000000e+03 7.830000000000000000e+02 1.042000000000000000e+03 1.148000000000000000e+03 4.460000000000000000e+02 1.930000000000000000e+03 6.680000000000000000e+02 1.815000000000000000e+03 6.460000000000000000e+02 3.420000000000000000e+02 2.730000000000000000e+02 2.580000000000000000e+03 8.610000000000000000e+02 2.784000000000000000e+03 2.490000000000000000e+02 2.460000000000000000e+02
1.510000000000000000e+03 2.900000000000000000e+02 8.260000000000000000e+02 4.660000000000000000e+02 2.641000000000000000e+03 1.197000000000000000e+03 2.500000000000000000e+02 0.000000000000000000e+00 6.370000000000000000e+02 1.305000000000000000e+03 1.061000000000000000e+03 3.690000000000000000e+02 7.240000000000000000e+02 1.246000000000000000e+03 9.440000000000000000e+02 2.030000000000000000e+02 7.180000000000000000e+02 2.697000000000000000e+03 1.473000000000000000e+03 9.040000000000000000e+02 8.050000000000000000e+02 1.023000000000000000e+03 5.720000000000000000e+02 4.710000000000000000e+02 1.538000000000000000e+03 2.880000000000000000e+03 2.936000000000000000e+03 9.760000000000000000e+02 1.718000000000000000e+03 1.096000000000000000e+03 8.360000000000000000e+02 1.842000000000000000e+03 8.900000000000000000e+02 3.126000000000000000e+03 1.418000000000000000e+03 1.039000000000000000e+03 2.688000000000000000e+03 1.356000000000000000e+03 7.580000000000000000e+02 1.686000000000000000e+03 2.390000000000000000e+02 2.646000000000000000e+03 8.910000000000000000e+02 1.879000000000000000e+03 1.816000000000000000e+03 3.150000000000000000e+02 1.247000000000000000e+03 2.116000000000000000e+03 7.730000000000000000e+02 7.190000000000000000e+02 3.140000000000000000e+02 1.656000000000000000e+03 1.715000000000000000e+03 1.033000000000000000e+03 2.282000000000000000e+03 2.490000000000000000e+02 1.091000000000000000e+03 7.320000000000000000e+02 1.388000000000000000e+03 2.222000000000000000e+03 1.430000000000000000e+03 9.440000000000000000e+02 1.441000000000000000e+03 4.470000000000000000e+02 6.940000000000000000e+02 9.720000000000000000e+02 2.080000000000000000e+02 2.088000000000000000e+03 1.575000000000000000e+03 3.460000000000000000e+02 5.220000000000000000e+02 1.170000000000000000e+03 9.220000000000000000e+02 3.760000000000000000e+02 2.095000000000000000e+03 6.270000000000000000e+02 2.444000000000000000e+03 5.130000000000000000e+02 1.573000000000000000e+03 1.229000000000000000e+03 1.081000000000000000e+03 1.612000000000000000e+03 2.070000000000000000e+03 1.258000000000000000e+03 5.570000000000000000e+02 1.983000000000000000e+03 1.549000000000000000e+03 2.853000000000000000e+03 1.271000000000000000e+03 3.040000000000000000e+03 2.830000000000000000e+03 4.660000000000000000e+02 2.554000000000000000e+03 5.050000000000000000e+02 7.280000000000000000e+02 1.315000000000000000e+03 7.350000000000000000e+02 3.057000000000000000e+03 1.050000000000000000e+02 9.170000000000000000e+02 1.047000000000000000e+03 9.950000000000000000e+02 1.249000000000000000e+03 9.350000000000000000e+02 1.079000000000000000e+03 7.890000000000000000e+02 3.286000000000000000e+03 5.990000000000000000e+02 1.821000000000000000e+03 2.495000000000000000e+03 1.934000000000000000e+03 1.086000000000000000e+03 8.360000000000000000e+02 8.370000000000000000e+02 2.244000000000000000e+03 4.180000000000000000e+02 1.170000000000000000e+03 6.330000000000000000e+02 2.725000000000000000e+03 5.770000000000000000e+02 1.336000000000000000e+03 2.337000000000000000e+03 1.294000000000000000e+03 1.917000000000000000e+03 1.807000000000000000e+03 1.989000000000000000e+03 3.450000000000000000e+02 4.130000000000000000e+02
3.900000000000000000e+02 1.823000000000000000e+03 2.140000000000000000e+02 1.139000000000000000e+03 7.650000000000000000e+02 2.956000000000000000e+03 1.500000000000000000e+03 6.370000000000000000e+02 0.000000000000000000e+00 3.450000000000000000e+02 6.630000000000000000e+02 2.647000000000000000e+03 8.430000000000000000e+02 1.044000000000000000e+03 1.192000000000000000e+03 1.311000000000000000e+03 1.048000000000000000e+03 2.904000000000000000e+03 2.981000000000000000e+03 2.015000000000000000e+03 9.130000000000000000e+02 5.650000000000000000e+02 8.800000000000000000e+02 1.404000000000000000e+03 7.000000000000000000e+02 1.366000000000000000e+03 2.652000000000000000e+03 2.760000000000000000e+03 2.796000000000000000e+03 1.226000000000000000e+03 2.780000000000000000e+02 1.266000000000000000e+03 1.361000000000000000e+03 1.960000000000000000e+03 1.646000000000000000e+03 7.820000000000000000e+02 2.820000000000000000e+02 2.448000000000000000e+03 1.340000000000000000e+02 1.702000000000000000e+03 7.500000000000000000e+02 2.300000000000000000e+02 2.219000000000000000e+03 1.664000000000000000e+03 1.516000000000000000e+03 2.470000000000000000e+02 5.610000000000000000e+02 1.380000000000000000e+03 1.239000000000000000e+03 7.660000000000000000e+02 3.850000000000000000e+02 6.020000000000000000e+02 2.078000000000000000e+03 1.470000000000000000e+03 2.903000000000000000e+03 6.840000000000000000e+02 1.054000000000000000e+03 1.151000000000000000e+03 5.250000000000000000e+02 1.865000000000000000e+03 4.320000000000000000e+02 1.102000000000000000e+03 1.591000000000000000e+03 2.787000000000000000e+03 5.140000000000000000e+02 8.800000000000000000e+02 8.210000000000000000e+02 8.650000000000000000e+02 9.140000000000000000e+02 3.330000000000000000e+02 9.820000000000000000e+02 4.640000000000000000e+02 1.103000000000000000e+03 9.830000000000000000e+02 1.133000000000000000e+03 1.628000000000000000e+03 6.490000000000000000e+02 1.743000000000000000e+03 2.176000000000000000e+03 1.280000000000000000e+03 4.830000000000000000e+02 1.553000000000000000e+03 1.069000000000000000e+03 1.355000000000000000e+03 1.283000000000000000e+03 2.472000000000000000e+03 8.850000000000000000e+02 1.199000000000000000e+03 2.750000000000000000e+03 1.342000000000000000e+03 3.014000000000000000e+03 8.400000000000000000e+02 2.537000000000000000e+03 2.562000000000000000e+03 1.835000000000000000e+03 5.100000000000000000e+02 8.290000000000000000e+02 2.831000000000000000e+03 5.800000000000000000e+01 1.739000000000000000e+03 1.427000000000000000e+03 1.069000000000000000e+03 1.929000000000000000e+03 9.520000000000000000e+02 7.980000000000000000e+02 1.535000000000000000e+03 5.470000000000000000e+02 2.084000000000000000e+03 1.382000000000000000e+03 1.432000000000000000e+03 5.600000000000000000e+02 1.309000000000000000e+03 1.028000000000000000e+03 1.204000000000000000e+03 1.339000000000000000e+03 1.083000000000000000e+03 1.098000000000000000e+03 1.388000000000000000e+03 6.290000000000000000e+02 2.858000000000000000e+03 7.850000000000000000e+02 8.270000000000000000e+02 1.197000000000000000e+03 7.250000000000000000e+02 1.127000000000000000e+03 2.778000000000000000e+03 1.071000000000000000e+03 4.050000000000000000e+02
4.660000000000000000e+02 1.680000000000000000e+02 1.618000000000000000e+03 4.300000000000000000e+02 9.340000000000000000e+02 2.990000000000000000e+02 2.749000000000000000e+03 1.305000000000000000e+03 3.450000000000000000e+02 0.000000000000000000e+00 1.481000000000000000e+03 1.203000000000000000e+03 2.539000000000000000e+03 1.848000000000000000e+03 7.480000000000000000e+02 4.160000000000000000e+02 2.175000000000000000e+03 2.589000000000000000e+03 3.128000000000000000e+03 8.280000000000000000e+02 8.480000000000000000e+02 6.730000000000000000e+02 1.155000000000000000e+03 1.634000000000000000e+03 5.370000000000000000e+02 5.120000000000000000e+02 1.051000000000000000e+03 2.459000000000000000e+03 5.000000000000000000e+02 1.005000000000000000e+03 5.180000000000000000e+02 1.257000000000000000e+03 1.138000000000000000e+03 2.944000000000000000e+03 5.000000000000000000e+02 1.097000000000000000e+03 3.890000000000000000e+02 1.890000000000000000e+02 2.001000000000000000e+03 1.540000000000000000e+03 4.830000000000000000e+02 7.440000000000000000e+02 5.220000000000000000e+02 1.841000000000000000e+03 1.003000000000000000e+03 9.510000000000000000e+02 7.310000000000000000e+02 3.730000000000000000e+02 5.750000000000000000e+02 1.848000000000000000e+03 4.310000000000000000e+02 4.380000000000000000e+02 1.242000000000000000e+03 1.833000000000000000e+03 1.562000000000000000e+03 2.510000000000000000e+02 1.075000000000000000e+03 9.070000000000000000e+02 1.231000000000000000e+03 2.386000000000000000e+03 9.970000000000000000e+02 3.910000000000000000e+02 1.836000000000000000e+03 7.480000000000000000e+02 2.405000000000000000e+03 1.114000000000000000e+03 9.880000000000000000e+02 8.420000000000000000e+02 2.546000000000000000e+03 2.242000000000000000e+03 4.410000000000000000e+02 9.310000000000000000e+02 9.760000000000000000e+02 1.224000000000000000e+03 1.474000000000000000e+03 2.920000000000000000e+02 1.237000000000000000e+03 2.570000000000000000e+02 2.950000000000000000e+02 6.420000000000000000e+02 5.290000000000000000e+02 1.307000000000000000e+03 8.550000000000000000e+02 1.357000000000000000e+03 2.296000000000000000e+03 1.805000000000000000e+03 1.272000000000000000e+03 1.784000000000000000e+03 1.220000000000000000e+03 2.964000000000000000e+03 1.316000000000000000e+03 5.210000000000000000e+02 2.429000000000000000e+03 2.464000000000000000e+03 1.272000000000000000e+03 1.673000000000000000e+03 6.230000000000000000e+02 2.934000000000000000e+03 3.580000000000000000e+02 1.752000000000000000e+03 1.234000000000000000e+03 2.504000000000000000e+03 2.025000000000000000e+03 1.817000000000000000e+03 8.400000000000000000e+02 1.294000000000000000e+03 2.440000000000000000e+03 1.333000000000000000e+03 2.775000000000000000e+03 9.440000000000000000e+02 1.140000000000000000e+03 3.110000000000000000e+03 1.209000000000000000e+03 8.990000000000000000e+02 8.830000000000000000e+02 1.800000000000000000e+02 3.940000000000000000e+02 1.520000000000000000e+02 6.240000000000000000e+02 6.880000000000000000e+02 2.293000000000000000e+03 2.471000000000000000e+03 1.433000000000000000e+03 2.797000000000000000e+03 9.730000000000000000e+02 2.115000000000000000e+03 2.810000000000000000e+02 7.230000000000000000e+02
1.820000000000000000e+03 2.027000000000000000e+03 1.712000000000000000e+03 4.280000000000000000e+02 1.813000000000000000e+03 8.880000000000000000e+02 2.035000000000000000e+03 1.061000000000000000e+03 6.630000000000000000e+02 1.481000000000000000e+03 0.000000000000000000e+00 2.390000000000000000e+02 1.071000000000000000e+03 1.887000000000000000e+03 1.618000000000000000e+03 6.270000000000000000e+02 7.600000000000000000e+02 1.394000000000000000e+03 2.880000000000000000e+03 3.860000000000000000e+02 1.015000000000000000e+03 1.056000000000000000e+03 1.263000000000000000e+03 7.380000000000000000e+02 8.330000000000000000e+02 1.527000000000000000e+03 2.680000000000000000e+02 1.321000000000000000e+03 2.380000000000000000e+02 2.026000000000000000e+03 7.220000000000000000e+02 1.349000000000000000e+03 8.000000000000000000e+02 1.597000000000000000e+03 1.464000000000000000e+03 1.168000000000000000e+03 2.010000000000000000e+02 2.070000000000000000e+02 1.318000000000000000e+03 4.180000000000000000e+02 6.580000000000000000e+02 3.800000000000000000e+02 6.030000000000000000e+02 1.337000000000000000e+03 1.701000000000000000e+03 1.511000000000000000e+03 1.167000000000000000e+03 2.960000000000000000e+02 9.320000000000000000e+02 1.093000000000000000e+03 1.622000000000000000e+03 5.410000000000000000e+02 7.070000000000000000e+02 9.970000000000000000e+02 1.666000000000000000e+03 1.765000000000000000e+03 7.910000000000000000e+02 1.017000000000000000e+03 3.910000000000000000e+02 1.777000000000000000e+03 4.790000000000000000e+02 1.032000000000000000e+03 9.520000000000000000e+02 8.670000000000000000e+02 8.120000000000000000e+02 2.149000000000000000e+03 2.280000000000000000e+02 8.210000000000000000e+02 2.644000000000000000e+03 6.670000000000000000e+02 1.745000000000000000e+03 4.750000000000000000e+02 1.086000000000000000e+03 7.680000000000000000e+02 1.856000000000000000e+03 8.990000000000000000e+02 6.140000000000000000e+02 1.289000000000000000e+03 2.148000000000000000e+03 2.521000000000000000e+03 1.024000000000000000e+03 1.358000000000000000e+03 1.395000000000000000e+03 1.310000000000000000e+03 1.194000000000000000e+03 1.354000000000000000e+03 6.050000000000000000e+02 2.171000000000000000e+03 1.681000000000000000e+03 9.050000000000000000e+02 2.938000000000000000e+03 1.221000000000000000e+03 2.873000000000000000e+03 2.437000000000000000e+03 1.659000000000000000e+03 1.425000000000000000e+03 7.710000000000000000e+02 2.035000000000000000e+03 2.360000000000000000e+02 1.442000000000000000e+03 1.252000000000000000e+03 6.290000000000000000e+02 7.030000000000000000e+02 1.875000000000000000e+03 1.594000000000000000e+03 1.313000000000000000e+03 2.124000000000000000e+03 1.238000000000000000e+03 8.370000000000000000e+02 2.568000000000000000e+03 1.645000000000000000e+03 2.030000000000000000e+03 1.658000000000000000e+03 1.292000000000000000e+03 1.183000000000000000e+03 4.560000000000000000e+02 5.500000000000000000e+02 1.349000000000000000e+03 1.156000000000000000e+03 6.960000000000000000e+02 2.930000000000000000e+02 7.010000000000000000e+02 1.214000000000000000e+03 1.225000000000000000e+03 2.076000000000000000e+03 9.230000000000000000e+02 8.040000000000000000e+02 2.720000000000000000e+02
